255 255 255 255 255 255 255 255 255 255 255 255 255 255 255 255 255 255 255 255 255 255 255 255 255 255 255 255 255 255 255 255 255 255 255 255 255 255 255 255 255 255 255 255 255 255 255 255 255 255 255 255 255 255 255 255 255 255 255 255 255 255 255 255 255 255 255 255 255 255 255 255 255 255 255 255 255 
255 255 255 255 255 255 255 255 255 255 255 255 255 255 255 255 255 255 255 255 255 255 255 255 255 255 255 255 255 255 255 255 255 255 255 255 255 255 255 255 255 255 255 255 255 255 255 255 255 255 255 255 255 255 255 255 255 255 255 255 255 255 255 255 255 255 255 255 255 255 255 255 255 255 255 255 255 
255 255 255 255 255 255 255 255 255 255 255 255 255 255 255 255 255 255 255 255 255 255 255 255 114 50 255 255 255 255 255 255 255 255 255 255 255 255 255 255 255 255 255 255 255 255 255 255 255 255 255 255 255 255 255 255 255 255 255 255 255 255 255 255 255 255 255 255 255 255 255 255 255 255 156 126 255 
255 255 255 255 255 255 255 255 255 255 255 255 255 255 255 255 255 255 255 255 255 255 255 255 247 80 255 255 255 255 255 255 255 255 255 255 255 255 255 255 255 255 255 255 255 255 255 255 255 255 255 255 255 255 255 255 255 255 255 255 255 255 255 255 255 255 255 156 126 255 255 255 255 255 255 255 255 
255 76 0 0 166 255 114 0 0 0 81 255 255 156 0 0 6 200 255 255 255 255 255 255 247 80 76 0 126 255 255 76 0 6 200 255 255 156 0 0 6 200 255 255 255 255 255 255 114 0 0 0 81 255 255 156 0 0 126 255 255 255 255 255 255 255 156 0 0 0 12 233 255 76 0 126 255 
195 126 255 247 37 200 247 30 166 247 42 233 255 88 233 247 37 200 255 255 255 255 255 255 247 30 126 247 42 233 255 182 255 221 98 255 255 88 233 247 37 200 255 255 255 255 255 255 247 30 166 247 42 233 221 67 255 255 83 200 255 255 255 255 255 255 255 156 126 255 255 255 255 255 195 126 255 
156 0 0 0 0 166 247 42 233 255 88 233 255 156 0 0 126 255 255 255 255 255 255 255 247 80 255 255 88 233 255 76 0 0 81 255 255 156 0 0 126 255 255 255 255 255 255 255 247 42 233 255 88 233 156 166 255 255 195 126 255 255 255 255 255 255 255 156 126 255 255 255 255 255 195 126 255 
156 166 255 255 255 255 247 42 233 255 88 233 255 255 255 255 83 200 255 255 255 255 255 255 247 80 255 255 88 233 195 81 255 221 98 255 255 255 255 255 83 200 255 255 255 255 255 255 247 42 233 255 88 233 156 166 255 255 195 126 255 255 255 255 255 255 255 156 126 255 255 255 255 255 195 126 255 
221 67 255 255 255 255 247 42 233 255 88 233 221 67 255 255 83 200 255 255 255 255 255 255 247 80 255 255 88 233 156 126 255 156 81 255 221 67 255 255 83 200 255 255 255 255 255 255 247 42 233 255 88 233 221 98 255 255 121 200 255 255 255 255 255 255 255 195 126 255 114 126 255 255 195 126 255 
255 156 0 0 6 200 114 0 81 156 0 50 221 17 0 0 126 255 255 255 255 255 255 255 114 0 81 156 0 50 247 30 0 40 17 126 221 17 0 0 126 255 255 255 255 255 255 255 114 0 81 156 0 50 255 114 0 0 81 255 255 255 255 255 255 255 255 247 30 0 81 255 221 17 0 0 0 
255 255 255 255 255 255 255 255 255 255 255 255 255 255 255 255 255 255 255 255 255 255 255 255 255 255 255 255 255 255 255 255 255 255 255 255 255 255 255 255 255 255 255 255 255 255 255 255 255 255 255 255 255 255 255 255 255 255 255 255 255 255 255 255 255 255 255 255 255 255 255 255 255 255 255 255 255 
255 255 255 255 255 255 255 255 255 255 255 255 255 255 255 255 255 255 255 255 255 255 255 255 255 255 255 255 255 255 255 255 255 255 255 255 255 255 255 255 255 255 255 255 255 255 255 255 255 255 255 255 255 255 255 255 255 255 255 255 255 255 255 255 255 255 255 255 255 255 255 255 255 255 255 255 255 
255 255 255 255 255 255 255 255 255 255 255 255 255 255 255 255 255 255 255 255 255 255 255 255 255 255 255 255 255 255 255 255 255 255 255 255 255 255 255 255 255 255 255 255 255 255 255 255 255 255 255 255 255 255 255 255 255 255 255 255 255 255 255 255 255 255 255 255 255 255 255 255 255 255 255 255 255 
255 255 255 221 67 255 255 195 0 0 166 255 255 195 0 6 200 255 255 255 255 221 67 255 255 195 0 0 166 255 255 221 17 6 200 255 255 195 0 126 255 255 255 255 221 17 0 166 255 255 255 255 255 255 255 255 255 255 255 255 255 255 255 255 255 255 255 255 255 255 255 255 255 255 255 255 255 
255 255 255 156 126 255 247 42 233 221 67 255 255 88 233 221 67 255 255 255 255 156 126 255 247 42 233 221 67 255 255 121 200 221 67 255 255 88 173 126 255 255 255 221 24 200 255 255 255 255 255 255 255 255 255 255 255 255 255 255 255 255 255 255 255 255 255 255 255 255 255 255 255 255 255 255 255 
255 255 255 88 233 255 255 255 255 255 88 233 247 80 255 247 80 255 255 255 255 88 233 255 255 255 255 255 88 233 247 80 255 255 88 233 255 255 195 126 255 255 255 161 200 255 255 255 255 255 255 255 255 255 255 255 255 255 255 255 255 255 255 255 255 255 255 255 255 255 255 255 255 255 255 255 255 
255 255 195 81 255 255 255 255 255 221 139 255 255 156 0 0 166 255 255 255 195 81 255 255 255 255 255 221 139 255 247 80 255 255 121 200 255 255 195 126 255 255 255 88 51 0 81 255 255 255 255 255 255 255 255 255 255 255 255 255 255 255 255 255 255 255 255 255 255 255 255 255 255 255 255 255 255 
255 255 121 200 255 255 255 255 221 24 200 255 255 182 255 247 111 255 255 255 121 200 255 255 255 255 221 24 200 255 247 80 255 255 121 200 255 255 195 126 255 255 247 30 81 255 114 166 255 255 255 255 255 255 255 255 255 255 255 255 255 255 255 255 255 255 255 255 255 255 255 255 255 255 255 255 255 
255 221 67 255 255 255 255 247 37 200 255 255 247 80 255 255 88 233 255 221 67 255 255 255 255 247 37 200 255 255 247 80 255 255 88 233 255 255 195 126 255 255 255 83 200 255 195 166 255 255 255 255 255 255 255 255 255 255 255 255 255 255 255 255 255 255 255 255 255 255 255 255 255 255 255 255 255 
255 156 166 255 255 255 247 30 166 255 255 255 247 111 255 255 119 255 255 156 166 255 255 255 247 30 166 255 255 255 255 126 233 247 80 255 255 255 195 126 255 255 255 195 126 255 195 166 255 255 255 255 255 255 255 255 255 255 255 255 255 255 255 255 255 255 255 255 255 255 255 255 255 255 255 255 255 
247 42 233 255 255 255 195 0 0 0 12 233 255 114 0 0 126 255 247 42 233 255 255 255 195 0 0 0 12 233 255 195 0 0 166 255 247 30 0 0 6 200 255 255 76 0 12 233 255 255 255 255 255 255 255 255 255 255 255 255 255 255 255 255 255 255 255 255 255 255 255 255 255 255 255 255 255 
195 81 255 255 255 255 255 255 255 255 255 255 255 255 255 255 255 255 195 81 255 255 255 255 255 255 255 255 255 255 255 255 255 255 255 255 255 255 255 255 255 255 255 255 255 255 255 255 255 255 255 255 255 255 255 255 255 255 255 255 255 255 255 255 255 255 255 255 255 255 255 255 255 255 255 255 255 
255 255 255 255 255 255 255 255 255 255 255 255 255 255 255 255 255 255 255 255 255 255 255 255 255 255 255 255 255 255 255 255 255 255 255 255 255 255 255 255 255 255 255 255 255 255 255 255 255 255 255 255 255 255 255 255 255 255 255 255 255 255 255 255 255 255 255 255 255 255 255 255 255 255 255 255 255 
255 255 255 255 255 255 255 255 255 255 255 255 255 255 255 255 255 255 255 255 255 255 255 255 255 255 255 255 255 255 255 255 255 255 255 255 255 255 255 255 255 255 255 255 255 255 255 255 255 255 255 255 255 255 255 255 255 255 255 255 255 255 255 255 255 255 255 255 255 255 255 255 255 255 255 255 255 
30 81 255 255 255 255 255 255 221 67 255 255 255 255 255 255 255 255 255 255 255 255 255 255 255 255 255 255 255 255 255 255 255 255 255 255 114 50 255 255 255 255 255 255 255 255 255 255 255 255 156 126 255 255 255 255 255 255 255 255 114 50 255 255 255 255 255 255 255 255 255 255 255 255 255 255 255 
221 98 255 255 255 255 255 255 255 255 255 255 255 255 255 255 255 255 255 255 255 255 255 255 255 156 126 255 255 255 255 255 255 255 255 255 247 80 255 255 255 255 255 255 255 255 255 255 255 255 255 255 255 255 255 255 255 255 255 255 247 80 255 255 255 255 255 156 126 255 255 255 255 255 255 255 255 
221 98 76 0 81 255 221 17 0 0 166 255 255 76 0 0 166 255 255 195 0 0 57 166 156 0 0 0 12 233 255 255 255 255 255 255 247 80 76 0 126 255 255 76 0 0 166 255 255 76 0 126 255 255 255 114 0 12 90 12 225 80 76 0 126 255 156 0 0 0 12 233 255 255 255 255 255 
221 17 126 255 114 166 255 255 255 156 166 255 195 126 255 247 37 200 247 42 233 247 30 166 255 156 126 255 255 255 255 255 255 255 255 255 247 30 126 247 42 233 195 126 255 247 37 200 255 255 195 126 255 255 195 81 255 195 6 200 247 30 126 247 42 233 255 156 126 255 255 255 255 255 255 255 255 
221 67 255 255 195 126 255 255 255 156 166 255 156 0 0 0 0 166 195 126 255 255 255 255 255 156 126 255 255 255 255 255 255 255 255 255 247 80 255 255 88 233 156 0 0 0 0 166 255 255 195 126 255 255 156 166 255 255 83 200 247 80 255 255 88 233 255 156 126 255 255 255 255 255 255 255 255 
221 98 255 255 195 126 255 255 255 156 166 255 156 166 255 255 255 255 195 126 255 255 255 255 255 156 126 255 255 255 255 255 255 255 255 255 247 80 255 255 88 233 156 166 255 255 255 255 255 255 195 126 255 255 156 166 255 255 121 200 247 80 255 255 88 233 255 156 126 255 255 255 255 255 255 255 255 
221 17 166 255 114 166 255 255 255 156 166 255 221 67 255 255 255 255 221 29 233 255 114 126 255 195 126 255 114 126 255 255 255 255 255 255 247 80 255 255 88 233 221 67 255 255 255 255 255 255 195 126 255 255 195 81 255 221 24 200 247 80 255 255 88 233 255 195 126 255 114 126 255 255 255 255 255 
30 72 30 0 81 255 255 255 255 156 166 255 255 156 0 0 6 200 255 195 0 0 81 255 255 247 30 0 81 255 255 255 255 255 255 255 114 0 81 156 0 50 255 156 0 0 6 200 221 17 0 0 0 166 255 114 0 6 57 200 114 0 81 156 0 50 255 247 30 0 81 255 255 255 255 255 255 
255 255 255 255 255 255 255 255 255 121 200 255 255 255 255 255 255 255 255 255 255 255 255 255 255 255 255 255 255 255 255 255 255 255 255 255 255 255 255 255 255 255 255 255 255 255 255 255 255 255 255 255 255 255 255 255 255 255 83 200 255 255 255 255 255 255 255 255 255 255 255 255 255 255 255 255 255 
255 255 255 255 255 255 195 0 0 50 255 255 255 255 255 255 255 255 255 255 255 255 255 255 255 255 255 255 255 255 255 255 255 255 255 255 255 255 255 255 255 255 255 255 255 255 255 255 255 255 255 255 255 255 255 195 0 0 126 255 255 255 255 255 255 255 255 255 255 255 255 255 255 255 255 255 255 
255 255 255 255 255 255 255 255 255 255 255 255 255 255 255 255 255 255 255 255 255 255 255 255 255 255 255 255 255 255 255 255 255 255 255 255 255 255 255 255 255 255 255 255 255 255 255 255 255 255 255 255 255 255 255 255 255 255 255 255 255 255 255 255 255 255 255 255 255 255 255 255 255 255 255 255 255 
255 255 156 126 255 255 255 255 255 255 255 255 255 76 0 126 255 255 255 255 255 156 6 200 255 255 255 255 255 255 255 255 255 255 255 255 255 255 255 255 255 255 255 255 255 255 255 255 255 255 156 126 255 255 255 255 255 255 255 255 255 255 156 126 255 255 255 255 255 255 255 255 255 255 255 255 255 
255 255 255 255 255 255 255 255 255 255 255 255 255 255 195 126 255 255 255 255 255 255 121 200 255 255 255 255 255 255 255 255 255 255 255 255 255 255 255 255 255 255 255 255 255 255 255 255 255 255 255 255 255 255 255 156 126 255 255 255 255 255 255 255 255 255 255 255 255 255 255 255 255 255 255 255 255 
255 76 0 126 255 255 255 76 0 0 166 255 255 255 195 126 255 255 255 114 0 12 97 200 255 255 255 255 255 247 30 72 30 0 81 255 255 156 0 0 126 255 255 156 0 0 6 200 255 76 0 126 255 255 156 0 0 0 12 233 255 76 0 126 255 255 255 156 0 0 126 255 114 0 0 0 81 
255 255 195 126 255 255 195 126 255 247 37 200 255 255 195 126 255 255 195 81 255 195 6 200 255 255 255 255 255 255 221 17 166 255 114 166 221 67 255 255 83 200 255 88 233 247 37 200 255 255 195 126 255 255 255 156 126 255 255 255 255 255 195 126 255 255 221 67 255 255 83 200 247 30 166 247 42 
255 255 195 126 255 255 156 0 0 0 0 166 255 255 195 126 255 255 156 166 255 255 121 200 255 255 255 255 255 255 221 67 255 255 221 139 156 166 255 255 195 126 255 156 0 0 126 255 255 255 195 126 255 255 255 156 126 255 255 255 255 255 195 126 255 255 156 166 255 255 195 126 247 42 233 255 88 
255 255 195 126 255 255 156 166 255 255 255 255 255 255 195 126 255 255 156 166 255 255 121 200 255 255 255 255 255 255 221 98 255 255 221 139 156 166 255 255 195 126 255 255 255 255 83 200 255 255 195 126 255 255 255 156 126 255 255 255 255 255 195 126 255 255 156 166 255 255 195 126 247 42 233 255 88 
255 255 195 126 255 255 221 67 255 255 255 255 255 255 195 126 255 255 195 126 255 221 24 200 255 255 255 255 255 255 221 24 200 255 156 166 221 98 255 255 121 200 221 67 255 255 83 200 255 255 195 126 255 255 255 195 126 255 114 126 255 255 195 126 255 255 221 98 255 255 121 200 247 42 233 255 88 
221 17 0 0 0 166 255 156 0 0 6 200 221 17 0 0 0 166 255 76 0 6 51 12 233 255 255 255 255 255 221 57 17 0 50 255 255 114 0 0 81 255 221 17 0 0 126 255 221 17 0 0 0 166 255 247 30 0 81 255 221 17 0 0 0 166 255 114 0 0 81 255 114 0 81 156 0 
